921
694
453
650
656
393
779
944
121
225
610
941
155
378
8
151
398
409
465
587
141
967
530
496
595
939
939
721
997
755
106
917
448
557
286
822
667
782
765
787
7
93
446
878
188
172
29
304
298
211
889
156
178
137
651
771
794
308
211
790
62
315
425
227
871
709
48
256
491
531
760
215
341
924
92
528
813
837
830
110
48
437
982
224
291
632
993
84
657
203
591
717
236
16
662
106
442
427
79
650
956
557
863
16
480
673
261
292
509
808
119
555
962
100
496
252
450
489
54
106
409
362
541
643
95
202
466
536
627
263
903
302
818
485
35
297
157
13
306
383
819
142
937
499
958
151
468
407
638
239
231
765
600
770
126
693
689
591
946
315
852
849
334
388
333
367
683
207
378
706
588
914
846
243
412
522
393
598
928
748
835
876
512
434
645
637
127
333
945
790
365
515
638
698
901
688
782
302
893
878
7
481
791
570
441
921
91
832
518
736
580
352
611
809
785
973
445
629
24
108
137
107
621
774
803
521
180
303
821
73
180
545
271
689
114
710
609
922
542
126
657
839
195
986
647
697
958
810
44
700
916
180
805
537
671
326
775
849
627
315
920
525
858
908
213
690
337
820
611
596
663
985
434
575
970
798
272
647
607
314
346
523
211
868
777
880
193
551
729
818
864
367
342
722
275
272
130
329
91
739
923
471
442
75
46
131
871
35
776
478
66
839
718
276
706
494
155
616
44
601
433
626
967
493
347
959
763
194
287
572
650
927
760
91
1000
